 Albuquerque
  35.03796 -106.62211 1617 -7 version 1
 2010   1  1  1  0  0  0.000  89.16    -5.6 0 -9999.9 1 -9999.9 1     0.5 0    25.2 0     0.888     0.465     1.191     0.092
 2010   1  1  1  0  3  0.050  89.59    -7.6 0 -9999.9 1 -9999.9 1     0.4 0    25.2 0     0.703     0.613     0.576     0.105
 2010   1  1  1  0  6  0.100  89.98    -9.1 0 -9999.9 1 -9999.9 1     0.3 0    25.2 0     0.555     0.364     0.502     0.100
 2010   1  1  1  0  9  0.150  91.27   -10.1 1 -9999.9 1 -9999.9 1     0.0 0    25.2 0     0.496     0.417     0.469     0.000
 2010   1  1  1  0 12  0.200  91.82   -11.1 1 -9999.9 1 -9999.9 1     0.0 0    25.2 0     0.945     0.361     0.291     0.000
 2010   1  1  1  0 15  0.250  92.37   -11.6 1 -9999.9 1 -9999.9 1     0.0 0    25.2 0     0.702     0.234     0.435     0.000
 2010   1  1  1  0 18  0.300  92.92   -11.8 1 -9999.9 1 -9999.9 1     0.0 0    25.2 0     0.594     0.206     0.211     0.000
 2010   1  1  1  0 21  0.350  93.47   -12.4 1 -9999.9 1 -9999.9 1     0.0 0    25.2 0     0.524     0.273     0.277     0.000
 2010   1  1  1  0 24  0.400  94.02   -12.3 1 -9999.9 1 -9999.9 1     0.0 0    25.2 0     0.540     0.189     0.150     0.000
 2010   1  1  1  0 27  0.450  94.58   -12.0 1 -9999.9 1 -9999.9 1     0.0 0    25.2 0     0.541     0.293     0.223     0.000
 2010   1  1  1  0 30  0.500  95.13   -11.8 1 -9999.9 1 -9999.9 1     0.0 0    25.2 0     0.566     0.255     0.172     0.000
 2010   1  1  1  0 33  0.550  95.69   -11.6 1 -9999.9 1 -9999.9 1     0.0 0    25.2 0     0.627     0.283     0.162     0.000
 2010   1  1  1  0 36  0.600  96.25   -11.6 1 -9999.9 1 -9999.9 1     0.0 0    25.2 0     0.632     0.300     0.166     0.000
 2010   1  1  1  0 39  0.650  96.81   -11.6 1 -9999.9 1 -9999.9 1     0.0 0    25.2 0     0.600     0.337     0.144     0.000
 2010   1  1  1  0 42  0.700  97.38   -11.6 1 -9999.9 1 -9999.9 1     0.0 0    25.2 0     0.625     0.193     0.148     0.000
 2010   1  1  1  0 45  0.750  97.94   -11.2 1 -9999.9 1 -9999.9 1     0.0 0    25.2 0     0.707     0.269     0.124     0.000
 2010   1  1  1  0 48  0.800  98.51   -10.7 1 -9999.9 1 -9999.9 1     0.0 0    25.2 0     0.703     0.231     0.148     0.000
 2010   1  1  1  0 51  0.850  99.08   -10.7 1 -9999.9 1 -9999.9 1     0.0 0    25.2 0     0.716     0.233     0.151     0.000
 2010   1  1  1  0 54  0.900  99.65   -11.2 1 -9999.9 1 -9999.9 1     0.0 0    25.2 0     0.652     0.305     0.146     0.000
 2010   1  1  1  0 57  0.950 100.22   -11.1 1 -9999.9 1 -9999.9 1     0.0 0    25.2 0     0.681     0.276     0.160     0.000
 2010   1  1  1  1  0  1.000 100.80   -11.1 1 -9999.9 1 -9999.9 1     0.0 0    25.2 0     0.787     0.275     0.170     0.000
 2010   1  1  1  1  3  1.050 101.37   -11.4 1 -9999.9 1 -9999.9 1     0.0 0    25.2 0     0.659     0.300     0.160     0.000
 2010   1  1  1  1  6  1.100 101.95   -11.2 1 -9999.9 1 -9999.9 1     0.0 0    25.2 0     0.661     0.317     0.154     0.000
 2010   1  1  1  1  9  1.150 102.53   -11.1 1 -9999.9 1 -9999.9 1     0.0 0    25.2 0     0.677     0.194     0.139     0.000
 2010   1  1  1  1 12  1.200 103.11   -10.9 1 -9999.9 1 -9999.9 1     0.0 0    25.2 0     0.672     0.317     0.145     0.000
 2010   1  1  1  1 15  1.250 103.69   -10.8 1 -9999.9 1 -9999.9 1     0.0 0    25.2 0     0.744     0.269     0.143     0.000
 2010   1  1  1  1 18  1.300 104.27   -10.8 1 -9999.9 1 -9999.9 1     0.0 0    25.2 0     0.727     0.253     0.163     0.000
 2010   1  1  1  1 21  1.350 104.85   -11.0 1 -9999.9 1 -9999.9 1     0.0 0    25.1 0     0.677     0.251     0.152     0.000
 2010   1  1  1  1 24  1.400 105.44   -10.9 1 -9999.9 1 -9999.9 1     0.0 0    25.1 0     0.632     0.264     0.144     0.000
 2010   1  1  1  1 27  1.450 106.02   -11.0 1 -9999.9 1 -9999.9 1     0.0 0    25.1 0     0.428     0.234     0.101     0.000
 2010   1  1  1  1 30  1.500 106.61   -10.3 1 -9999.9 1 -9999.9 1     0.0 0    25.1 0     0.445     0.226     0.147     0.000
 2010   1  1  1  1 33  1.550 107.20   -11.3 1 -9999.9 1 -9999.9 1     0.0 0    25.1 0     0.508     0.236     0.112     0.000
 2010   1  1  1  1 36  1.600 107.79   -10.6 1 -9999.9 1 -9999.9 1     0.0 0    25.1 0     0.731     0.211     0.155     0.000
 2010   1  1  1  1 39  1.650 108.38   -10.6 1 -9999.9 1 -9999.9 1     0.0 0    25.1 0     0.718     0.236     0.131     0.000
 2010   1  1  1  1 42  1.700 108.97   -10.6 1 -9999.9 1 -9999.9 1     0.0 0    25.1 0     0.742     0.234     0.138     0.000
 2010   1  1  1  1 45  1.750 109.56   -11.3 1 -9999.9 1 -9999.9 1     0.0 0    25.1 0     0.446     0.211     0.086     0.000
 2010   1  1  1  1 48  1.800 110.15   -10.3 1 -9999.9 1 -9999.9 1     0.0 0    25.1 0     0.686     0.210     0.136     0.000
 2010   1  1  1  1 51  1.850 110.75   -10.7 1 -9999.9 1 -9999.9 1     0.0 0    25.1 0     0.717     0.203     0.150     0.000
 2010   1  1  1  1 54  1.900 111.34   -10.5 1 -9999.9 1 -9999.9 1     0.0 0    25.1 0     0.814     0.395     0.152     0.000
 2010   1  1  1  1 57  1.950 111.94   -11.3 1 -9999.9 1 -9999.9 1     0.0 0    25.1 0     0.489     0.251     0.126     0.000
 2010   1  1  1  2  0  2.000 112.54   -11.0 1 -9999.9 1 -9999.9 1     0.0 0    25.1 0     0.643     0.227     0.156     0.000
 2010   1  1  1  2  3  2.050 113.14   -10.9 1 -9999.9 1 -9999.9 1     0.0 0    25.1 0     0.681     0.203     0.141     0.000
 2010   1  1  1  2  6  2.100 113.74   -10.0 0 -9999.9 1 -9999.9 1     0.0 0    25.1 0     0.469     0.192     0.125     0.000
 2010   1  1  1  2  9  2.150 114.34   -10.4 1 -9999.9 1 -9999.9 1     0.0 0    25.1 0     0.617     0.188     0.096     0.000
 2010   1  1  1  2 12  2.200 114.94   -10.4 1 -9999.9 1 -9999.9 1     0.0 0    25.1 0     0.704     0.203     0.167     0.000
 2010   1  1  1  2 15  2.250 115.54   -10.4 1 -9999.9 1 -9999.9 1     0.0 0    25.1 0     0.671     0.190     0.136     0.000
 2010   1  1  1  2 18  2.300 116.14   -10.6 1 -9999.9 1 -9999.9 1     0.0 0    25.1 0     0.657     0.170     0.152     0.000
 2010   1  1  1  2 21  2.350 116.74   -10.7 1 -9999.9 1 -9999.9 1     0.0 0    25.1 0     0.700     0.156     0.168     0.000
 2010   1  1  1  2 24  2.400 117.35   -10.2 1 -9999.9 1 -9999.9 1     0.0 0    25.1 0     0.636     0.170     0.168     0.000
 2010   1  1  1  2 27  2.450 117.95   -10.5 1 -9999.9 1 -9999.9 1     0.0 0    25.1 0     0.689     0.187     0.188     0.000
 2010   1  1  1  2 30  2.500 118.56   -10.6 1 -9999.9 1 -9999.9 1     0.0 0    25.1 0     0.677     0.095     0.227     0.000
 2010   1  1  1  2 33  2.550 119.16   -10.5 1 -9999.9 1 -9999.9 1     0.0 0    25.1 0     0.636     0.199     0.180     0.000
 2010   1  1  1  2 36  2.600 119.77   -10.9 1 -9999.9 1 -9999.9 1     0.0 0    25.1 0     0.645     0.209     0.155     0.000
 2010   1  1  1  2 39  2.650 120.38   -10.6 1 -9999.9 1 -9999.9 1     0.0 0    25.1 0     0.656     0.216     0.138     0.000
 2010   1  1  1  2 42  2.700 120.99   -10.7 1 -9999.9 1 -9999.9 1     0.0 0    25.1 0     0.661     0.154     0.142     0.000
 2010   1  1  1  2 45  2.750 121.59   -10.9 1 -9999.9 1 -9999.9 1     0.0 0    25.1 0     0.665     0.228     0.144     0.000
 2010   1  1  1  2 48  2.800 122.20   -10.8 1 -9999.9 1 -9999.9 1     0.0 0    25.1 0     0.652     0.182     0.145     0.000
 2010   1  1  1  2 51  2.850 122.81   -10.7 1 -9999.9 1 -9999.9 1     0.0 0    25.1 0     0.681     0.137     0.186     0.000
 2010   1  1  1  2 54  2.900 123.42   -10.6 1 -9999.9 1 -9999.9 1     0.0 0    25.1 0     0.713     0.135     0.158     0.000
 2010   1  1  1  2 57  2.950 124.03   -10.3 1 -9999.9 1 -9999.9 1     0.0 0    25.1 0     0.695     0.051     0.153     0.000
 2010   1  1  1  3  0  3.000 124.64   -10.5 1 -9999.9 1 -9999.9 1     0.0 0    25.1 0     0.656     0.178     0.157     0.000
 2010   1  1  1  3  3  3.050 125.26   -10.3 1 -9999.9 1 -9999.9 1     0.0 0    25.1 0     0.580     0.312     0.138     0.000
 2010   1  1  1  3  6  3.100 125.87   -10.7 1 -9999.9 1 -9999.9 1     0.0 0    25.1 0     0.642     0.186     0.153     0.000
 2010   1  1  1  3  9  3.150 126.48   -10.4 1 -9999.9 1 -9999.9 1     0.0 0    25.1 0     0.685     0.175     0.159     0.000
 2010   1  1  1  3 12  3.200 127.09   -10.5 1 -9999.9 1 -9999.9 1     0.0 0    25.1 0     0.759     0.095     0.190     0.000
 2010   1  1  1  3 15  3.250 127.70   -10.4 1 -9999.9 1 -9999.9 1     0.0 0    25.1 0     0.727     0.077     0.200     0.000
 2010   1  1  1  3 18  3.300 128.32   -10.2 1 -9999.9 1 -9999.9 1     0.0 0    25.1 0     0.605     0.072     0.205     0.000
 2010   1  1  1  3 21  3.350 128.93    -9.7 0 -9999.9 1 -9999.9 1     0.0 0    25.1 0     0.356     0.114     0.161     0.000
 2010   1  1  1  3 24  3.400 129.54   -10.5 1 -9999.9 1 -9999.9 1     0.0 0    25.1 0     0.686     0.115     0.187     0.000
 2010   1  1  1  3 27  3.450 130.16   -11.1 1 -9999.9 1 -9999.9 1     0.0 0    25.1 0     0.527     0.184     0.113     0.000
 2010   1  1  1  3 30  3.500 130.77   -10.1 1 -9999.9 1 -9999.9 1     0.0 0    25.1 0     0.391     0.029     0.161     0.000
 2010   1  1  1  3 33  3.550 131.38   -10.2 1 -9999.9 1 -9999.9 1     0.0 0    25.1 0     0.666     0.098     0.230     0.000
 2010   1  1  1  3 36  3.600 132.00   -10.4 1 -9999.9 1 -9999.9 1     0.0 0    25.1 0     0.566     0.153     0.153     0.000
 2010   1  1  1  3 39  3.650 132.61   -10.2 1 -9999.9 1 -9999.9 1     0.0 0    25.1 0     0.664     0.178     0.176     0.000
 2010   1  1  1  3 42  3.700 133.22   -10.4 1 -9999.9 1 -9999.9 1     0.0 0    25.1 0     0.665     0.165     0.163     0.000
 2010   1  1  1  3 45  3.750 133.84   -10.2 1 -9999.9 1 -9999.9 1     0.0 0    25.1 0     0.709     0.331     0.170     0.000
 2010   1  1  1  3 48  3.800 134.45   -10.2 1 -9999.9 1 -9999.9 1     0.0 0    25.1 0     0.659     0.316     0.218     0.000
 2010   1  1  1  3 51  3.850 135.07    -9.8 0 -9999.9 1 -9999.9 1     0.0 0    25.1 0     0.485     0.237     0.165     0.000
 2010   1  1  1  3 54  3.900 135.68   -10.2 1 -9999.9 1 -9999.9 1     0.0 0    25.1 0     0.568     0.051     0.188     0.000
 2010   1  1  1  3 57  3.950 136.29   -10.7 1 -9999.9 1 -9999.9 1     0.0 0    25.1 0     0.747     0.355     0.137     0.000
 2010   1  1  1  4  0  4.000 136.91   -10.5 1 -9999.9 1 -9999.9 1     0.0 0    25.1 0     0.574     0.337     0.139     0.000
 2010   1  1  1  4  3  4.050 137.52   -10.6 1 -9999.9 1 -9999.9 1     0.0 0    25.1 0     0.677     0.160     0.133     0.000
 2010   1  1  1  4  6  4.100 138.13   -11.0 1 -9999.9 1 -9999.9 1     0.0 0    25.1 0     0.515     0.051     0.119     0.000
 2010   1  1  1  4  9  4.150 138.74   -10.4 1 -9999.9 1 -9999.9 1     0.0 0    25.1 0     0.585     0.179     0.194     0.000
 2010   1  1  1  4 12  4.200 139.35   -10.5 1 -9999.9 1 -9999.9 1     0.0 0    25.1 0     0.622     0.283     0.181     0.000
 2010   1  1  1  4 15  4.250 139.97   -10.1 1 -9999.9 1 -9999.9 1     0.0 0    25.1 0     0.557     0.332     0.157     0.000
 2010   1  1  1  4 18  4.300 140.58   -10.5 1 -9999.9 1 -9999.9 1     0.0 0    25.1 0     0.397     0.212     0.095     0.000
 2010   1  1  1  4 21  4.350 141.19    -9.7 0 -9999.9 1 -9999.9 1     0.0 0    25.1 0     0.480     0.072     0.185     0.000
 2010   1  1  1  4 24  4.400 141.80    -9.8 0 -9999.9 1 -9999.9 1     0.0 0    25.1 0     0.515     0.236     0.160     0.000
 2010   1  1  1  4 27  4.450 142.41    -9.7 0 -9999.9 1 -9999.9 1     0.0 0    25.1 0     0.542     0.189     0.210     0.000
 2010   1  1  1  4 30  4.500 143.01    -9.9 0 -9999.9 1 -9999.9 1     0.0 0    25.1 0     0.537     0.282     0.176     0.000
 2010   1  1  1  4 33  4.550 143.62    -9.9 0 -9999.9 1 -9999.9 1     0.0 0    25.1 0     0.571     0.304     0.145     0.000
 2010   1  1  1  4 36  4.600 144.23    -9.8 0 -9999.9 1 -9999.9 1     0.0 0    25.1 0     0.557     0.000     0.178     0.000
 2010   1  1  1  4 39  4.650 144.83    -9.4 0 -9999.9 1 -9999.9 1     0.0 0    25.1 0     0.496     0.173     0.234     0.000
 2010   1  1  1  4 42  4.700 145.44    -9.8 0 -9999.9 1 -9999.9 1     0.0 0    25.1 0     0.478     0.072     0.148     0.000
 2010   1  1  1  4 45  4.750 146.04    -8.9 0 -9999.9 1 -9999.9 1     0.0 0    25.1 0     0.558     0.176     0.193     0.000
 2010   1  1  1  4 48  4.800 146.65    -9.3 0 -9999.9 1 -9999.9 1     0.0 0    25.1 0     0.575     0.200     0.106     0.000
 2010   1  1  1  4 51  4.850 147.25    -9.3 0 -9999.9 1 -9999.9 1     0.0 0    25.1 0     0.596     0.098     0.138     0.000
 2010   1  1  1  4 54  4.900 147.85    -9.1 0 -9999.9 1 -9999.9 1     0.0 0    25.1 0     0.488     0.106     0.125     0.000
 2010   1  1  1  4 57  4.950 148.44    -8.6 0 -9999.9 1 -9999.9 1     0.0 0    25.1 0     0.395     0.106     0.115     0.000
 2010   1  1  1  5  0  5.000 149.04    -8.4 0 -9999.9 1 -9999.9 1     0.0 0    25.1 0     0.345     0.172     0.106     0.000
 2010   1  1  1  5  3  5.050 149.64    -8.7 0 -9999.9 1 -9999.9 1     0.0 0    25.1 0     0.596     0.157     0.142     0.000
 2010   1  1  1  5  6  5.100 150.23    -8.9 0 -9999.9 1 -9999.9 1     0.0 0    25.1 0     0.657     0.195     0.151     0.000
 2010   1  1  1  5  9  5.150 150.82    -9.2 0 -9999.9 1 -9999.9 1     0.0 0    25.1 0     0.682     0.248     0.237     0.000
 2010   1  1  1  5 12  5.200 151.41    -9.2 0 -9999.9 1 -9999.9 1     0.0 0    25.1 0     0.657     0.287     0.234     0.000
 2010   1  1  1  5 15  5.250 151.99    -9.1 0 -9999.9 1 -9999.9 1     0.0 0    25.1 0     0.717     0.227     0.218     0.000
 2010   1  1  1  5 18  5.300 152.58    -9.1 0 -9999.9 1 -9999.9 1     0.0 0    25.1 0     0.634     0.267     0.225     0.000
 2010   1  1  1  5 21  5.350 153.16    -8.6 0 -9999.9 1 -9999.9 1     0.0 0    25.1 0     0.469     0.148     0.167     0.000
 2010   1  1  1  5 24  5.400 153.74    -9.0 0 -9999.9 1 -9999.9 1     0.0 0    25.1 0     0.482     0.182     0.147     0.000
 2010   1  1  1  5 27  5.450 154.31    -8.6 0 -9999.9 1 -9999.9 1     0.0 0    25.1 0     0.560     0.203     0.162     0.000
 2010   1  1  1  5 30  5.500 154.89    -9.3 0 -9999.9 1 -9999.9 1     0.0 0    25.1 0     0.406     0.175     0.142     0.000
 2010   1  1  1  5 33  5.550 155.45    -8.8 0 -9999.9 1 -9999.9 1     0.0 0    25.1 0     0.584     0.336     0.216     0.000
 2010   1  1  1  5 36  5.600 156.02    -8.5 0 -9999.9 1 -9999.9 1     0.0 0    25.1 0     0.582     0.204     0.180     0.000
 2010   1  1  1  5 39  5.650 156.58    -9.2 0 -9999.9 1 -9999.9 1     0.0 0    25.1 0     0.803     0.171     0.201     0.000
 2010   1  1  1  5 42  5.700 157.13    -9.7 0 -9999.9 1 -9999.9 1     0.0 0    25.1 0     0.505     0.092     0.146     0.000
 2010   1  1  1  5 45  5.750 157.68    -9.1 0 -9999.9 1 -9999.9 1     0.0 0    25.1 0     0.710     0.187     0.194     0.000
 2010   1  1  1  5 48  5.800 158.23    -9.0 0 -9999.9 1 -9999.9 1     0.0 0    25.1 0     0.493     0.187     0.214     0.000
 2010   1  1  1  5 51  5.850 158.77    -9.1 0 -9999.9 1 -9999.9 1     0.0 0    25.1 0     0.608     0.232     0.163     0.000
 2010   1  1  1  5 54  5.900 159.30    -8.2 0 -9999.9 1 -9999.9 1     0.0 0    25.1 0     0.373     0.214     0.179     0.000
 2010   1  1  1  5 57  5.950 159.83    -8.5 0 -9999.9 1 -9999.9 1     0.0 0    25.1 0     0.483     0.254     0.202     0.000
 2010   1  1  1  6  0  6.000 160.34    -8.4 0 -9999.9 1 -9999.9 1     0.0 0    25.1 0     0.547     0.200     0.222     0.000
 2010   1  1  1  6  3  6.050 160.86    -8.3 0 -9999.9 1 -9999.9 1     0.0 0    25.1 0     0.566     0.188     0.179     0.000
 2010   1  1  1  6  6  6.100 161.36    -8.3 0 -9999.9 1 -9999.9 1     0.0 0    25.1 0     0.533     0.186     0.170     0.000
 2010   1  1  1  6  9  6.150 161.85    -8.5 0 -9999.9 1 -9999.9 1     0.0 0    25.1 0     0.568     0.261     0.188     0.000
 2010   1  1  1  6 12  6.200 162.33    -8.6 0 -9999.9 1 -9999.9 1     0.0 0    25.1 0     0.551     0.189     0.230     0.000
 2010   1  1  1  6 15  6.250 162.81    -8.2 0 -9999.9 1 -9999.9 1     0.0 0    25.1 0     0.557     0.204     0.233     0.000
 2010   1  1  1  6 18  6.300 163.26    -8.0 0 -9999.9 1 -9999.9 1     0.0 0    25.1 0     0.593     0.216     0.231     0.000
 2010   1  1  1  6 21  6.350 163.71    -7.9 0 -9999.9 1 -9999.9 1     0.0 0    25.1 0     0.560     0.203     0.197     0.000
 2010   1  1  1  6 24  6.400 164.14    -8.3 0 -9999.9 1 -9999.9 1     0.0 0    25.1 0     0.524     0.214     0.234     0.000
 2010   1  1  1  6 27  6.450 164.56    -8.6 0 -9999.9 1 -9999.9 1     0.0 0    25.1 0     0.562     0.231     0.219     0.000
 2010   1  1  1  6 30  6.500 164.96    -8.4 0 -9999.9 1 -9999.9 1     0.0 0    25.1 0     0.508     0.092     0.184     0.000
 2010   1  1  1  6 33  6.550 165.34    -7.7 0 -9999.9 1 -9999.9 1     0.0 0    25.1 0     0.576     0.041     0.233     0.000
 2010   1  1  1  6 36  6.600 165.70    -7.5 0 -9999.9 1 -9999.9 1     0.0 0    25.1 0     0.589     0.000     0.177     0.000
 2010   1  1  1  6 39  6.650 166.05    -8.0 0 -9999.9 1 -9999.9 1     0.0 0    25.1 0     0.428     0.029     0.172     0.000
 2010   1  1  1  6 42  6.700 166.36    -7.9 0 -9999.9 1 -9999.9 1     0.0 0    25.1 0     0.431     0.029     0.169     0.000
 2010   1  1  1  6 45  6.750 166.66    -8.2 0 -9999.9 1 -9999.9 1     0.0 0    25.1 0     0.499     0.077     0.191     0.000
 2010   1  1  1  6 48  6.800 166.93    -7.5 0 -9999.9 1 -9999.9 1     0.0 0    25.1 0     0.368     0.146     0.183     0.000
 2010   1  1  1  6 51  6.850 167.17    -7.7 0 -9999.9 1 -9999.9 1     0.0 0    25.1 0     0.452     0.227     0.138     0.000
 2010   1  1  1  6 54  6.900 167.38    -8.1 0 -9999.9 1 -9999.9 1     0.0 0    25.1 0     0.488     0.164     0.157     0.000
 2010   1  1  1  6 57  6.950 167.56    -7.3 0 -9999.9 1 -9999.9 1     0.0 0    25.1 0     0.456     0.215     0.135     0.000
 2010   1  1  1  7  0  7.000 167.71    -7.7 0 -9999.9 1 -9999.9 1     0.0 0    25.1 0     0.519     0.249     0.133     0.000
 2010   1  1  1  7  3  7.050 167.82    -7.6 0 -9999.9 1 -9999.9 1     0.0 0    25.1 0     0.465     0.106     0.224     0.000
 2010   1  1  1  7  6  7.100 167.91    -7.8 0 -9999.9 1 -9999.9 1     0.0 0    25.1 0     0.510     0.000     0.207     0.000
 2010   1  1  1  7  9  7.150 167.95    -8.2 0 -9999.9 1 -9999.9 1     0.0 0    25.1 0     0.414     0.041     0.174     0.000
 2010   1  1  1  7 12  7.200 167.96    -8.2 0 -9999.9 1 -9999.9 1     0.0 0    25.1 0     0.390     0.029     0.202     0.000
 2010   1  1  1  7 15  7.250 167.94    -8.3 0 -9999.9 1 -9999.9 1     0.0 0    25.1 0     0.473     0.000     0.185     0.000
 2010   1  1  1  7 18  7.300 167.88    -7.9 0 -9999.9 1 -9999.9 1     0.0 0    25.1 0     0.468     0.029     0.185     0.000
 2010   1  1  1  7 21  7.350 167.78    -7.1 0 -9999.9 1 -9999.9 1     0.0 0    25.1 0     0.352     0.192     0.105     0.000
 2010   1  1  1  7 24  7.400 167.66    -7.1 0 -9999.9 1 -9999.9 1     0.0 0    25.1 0     0.357     0.232     0.134     0.000
 2010   1  1  1  7 27  7.450 167.50    -7.6 0 -9999.9 1 -9999.9 1     0.0 0    25.1 0     0.463     0.289     0.112     0.000
 2010   1  1  1  7 30  7.500 167.30    -7.9 0 -9999.9 1 -9999.9 1     0.0 0    25.1 0     0.435     0.182     0.142     0.000
 2010   1  1  1  7 33  7.550 167.08    -7.4 0 -9999.9 1 -9999.9 1     0.0 0    25.1 0     0.573     0.294     0.139     0.000
 2010   1  1  1  7 36  7.600 166.83    -7.2 0 -9999.9 1 -9999.9 1     0.0 0    25.1 0     0.422     0.218     0.149     0.000
 2010   1  1  1  7 39  7.650 166.55    -7.6 0 -9999.9 1 -9999.9 1     0.0 0    25.1 0     0.506     0.177     0.150     0.000
 2010   1  1  1  7 42  7.700 166.25    -7.8 0 -9999.9 1 -9999.9 1     0.0 0    25.1 0     0.454     0.300     0.127     0.000
 2010   1  1  1  7 45  7.750 165.92    -7.6 0 -9999.9 1 -9999.9 1     0.0 0    25.1 0     0.386     0.205     0.120     0.000
 2010   1  1  1  7 48  7.800 165.57    -8.5 0 -9999.9 1 -9999.9 1     0.0 0    25.1 0     0.408     0.214     0.111     0.000
 2010   1  1  1  7 51  7.850 165.20    -8.3 0 -9999.9 1 -9999.9 1     0.0 0    25.1 0     0.526     0.319     0.144     0.000
 2010   1  1  1  7 54  7.900 164.81    -7.7 0 -9999.9 1 -9999.9 1     0.0 0    25.1 0     0.583     0.360     0.149     0.000
 2010   1  1  1  7 57  7.950 164.40    -6.8 0 -9999.9 1 -9999.9 1     0.0 0    25.1 0     0.359     0.082     0.140     0.000
 2010   1  1  1  8  0  8.000 163.98    -7.5 0 -9999.9 1 -9999.9 1     0.0 0    25.1 0     0.623     0.103     0.130     0.000
 2010   1  1  1  8  3  8.050 163.54    -7.8 0 -9999.9 1 -9999.9 1     0.0 0    25.1 0     0.368     0.146     0.097     0.000
 2010   1  1  1  8  6  8.100 163.09    -7.6 0 -9999.9 1 -9999.9 1     0.0 0    25.1 0     0.587     0.205     0.108     0.000
 2010   1  1  1  8  9  8.150 162.63    -7.3 0 -9999.9 1 -9999.9 1     0.0 0    25.1 0     0.615     0.115     0.185     0.000
 2010   1  1  1  8 12  8.200 162.15    -7.0 0 -9999.9 1 -9999.9 1     0.0 0    25.1 0     0.700     0.115     0.151     0.000
 2010   1  1  1  8 15  8.250 161.66    -6.8 0 -9999.9 1 -9999.9 1     0.0 0    25.1 0     0.634     0.078     0.182     0.000
 2010   1  1  1  8 18  8.300 161.17    -6.3 0 -9999.9 1 -9999.9 1     0.0 0    25.1 0     0.496     0.200     0.119     0.000
 2010   1  1  1  8 21  8.350 160.66    -7.0 0 -9999.9 1 -9999.9 1     0.0 0    25.1 0     0.610     0.121     0.095     0.000
 2010   1  1  1  8 24  8.400 160.15    -7.5 0 -9999.9 1 -9999.9 1     0.0 0    25.1 0     0.366     0.117     0.279     0.000
 2010   1  1  1  8 27  8.450 159.63    -7.8 0 -9999.9 1 -9999.9 1     0.0 0    25.1 0     0.284     0.189     0.185     0.000
 2010   1  1  1  8 30  8.500 159.10    -7.4 0 -9999.9 1 -9999.9 1     0.0 0    25.1 0     0.348     0.088     0.152     0.000
 2010   1  1  1  8 33  8.550 158.56    -8.1 0 -9999.9 1 -9999.9 1     0.0 0    25.1 0     0.393     0.072     0.131     0.000
 2010   1  1  1  8 36  8.600 158.02    -7.1 0 -9999.9 1 -9999.9 1     0.0 0    25.1 0     0.713     0.240     0.105     0.000
 2010   1  1  1  8 39  8.650 157.47    -7.3 0 -9999.9 1 -9999.9 1     0.0 0    25.1 0     0.618     0.192     0.174     0.000
 2010   1  1  1  8 42  8.700 156.92    -7.8 0 -9999.9 1 -9999.9 1     0.0 0    25.1 0     0.611     0.195     0.243     0.000
 2010   1  1  1  8 45  8.750 156.36    -8.6 0 -9999.9 1 -9999.9 1     0.0 0    25.1 0     0.420     0.088     0.134     0.000
 2010   1  1  1  8 48  8.800 155.80    -7.8 0 -9999.9 1 -9999.9 1     0.0 0    25.1 0     0.413     0.179     0.172     0.000
 2010   1  1  1  8 51  8.850 155.24    -7.5 0 -9999.9 1 -9999.9 1     0.0 0    25.1 0     0.394     0.146     0.163     0.000
 2010   1  1  1  8 54  8.900 154.67    -8.1 0 -9999.9 1 -9999.9 1     0.0 0    25.1 0     0.452     0.200     0.096     0.000
 2010   1  1  1  8 57  8.950 154.09    -7.6 0 -9999.9 1 -9999.9 1     0.0 0    25.1 0     0.527     0.250     0.092     0.000
 2010   1  1  1  9  0  9.000 153.52    -7.4 0 -9999.9 1 -9999.9 1     0.0 0    25.1 0     0.463     0.243     0.055     0.000
 2010   1  1  1  9  3  9.050 152.94    -7.7 0 -9999.9 1 -9999.9 1     0.0 0    25.1 0     0.709     0.239     0.128     0.000
 2010   1  1  1  9  6  9.100 152.35    -7.3 0 -9999.9 1 -9999.9 1     0.0 0    25.1 0     0.587     0.315     0.138     0.000
 2010   1  1  1  9  9  9.150 151.77    -6.6 0 -9999.9 1 -9999.9 1     0.0 0    25.1 0     0.520     0.157     0.084     0.000
 2010   1  1  1  9 12  9.200 151.18    -6.8 0 -9999.9 1 -9999.9 1     0.0 0    25.1 0     0.601     0.145     0.089     0.000
 2010   1  1  1  9 15  9.250 150.59    -6.5 0 -9999.9 1 -9999.9 1     0.0 0    25.1 0     0.618     0.175     0.091     0.000
 2010   1  1  1  9 18  9.300 150.00    -6.7 0 -9999.9 1 -9999.9 1     0.0 0    25.1 0     0.665     0.203     0.089     0.000
 2010   1  1  1  9 21  9.350 149.41    -6.9 0 -9999.9 1 -9999.9 1     0.0 0    25.1 0     0.655     0.220     0.191     0.000
 2010   1  1  1  9 24  9.400 148.81    -7.2 0 -9999.9 1 -9999.9 1     0.0 0    25.1 0     0.597     0.220     0.192     0.000
 2010   1  1  1  9 27  9.450 148.21    -7.0 0 -9999.9 1 -9999.9 1     0.0 0    25.1 0     0.658     0.251     0.166     0.000
 2010   1  1  1  9 30  9.500 147.62    -7.5 0 -9999.9 1 -9999.9 1     0.0 0    25.1 0     0.672     0.197     0.171     0.000
 2010   1  1  1  9 33  9.550 147.02    -7.4 0 -9999.9 1 -9999.9 1     0.0 0    25.1 0     0.421     0.210     0.092     0.000
 2010   1  1  1  9 36  9.600 146.41    -7.4 0 -9999.9 1 -9999.9 1     0.0 0    25.1 0     0.685     0.207     0.068     0.000
 2010   1  1  1  9 39  9.650 145.81    -7.1 0 -9999.9 1 -9999.9 1     0.0 0    25.1 0     0.584     0.292     0.129     0.000
 2010   1  1  1  9 42  9.700 145.21    -7.3 0 -9999.9 1 -9999.9 1     0.0 0    25.1 0     0.535     0.216     0.179     0.000
 2010   1  1  1  9 45  9.750 144.60    -6.5 0 -9999.9 1 -9999.9 1     0.0 0    25.1 0     0.420     0.223     0.138     0.000
 2010   1  1  1  9 48  9.800 144.00    -6.3 0 -9999.9 1 -9999.9 1     0.0 0    25.1 0     0.426     0.201     0.113     0.000
 2010   1  1  1  9 51  9.850 143.39    -6.6 0 -9999.9 1 -9999.9 1     0.0 0    25.1 0     0.688     0.227     0.108     0.000
 2010   1  1  1  9 54  9.900 142.78    -6.3 0 -9999.9 1 -9999.9 1     0.0 0    25.1 0     0.734     0.194     0.094     0.000
 2010   1  1  1  9 57  9.950 142.17    -6.4 0 -9999.9 1 -9999.9 1     0.0 0    25.1 0     0.713     0.188     0.125     0.000
 2010   1  1  1 10  0 10.000 141.56    -6.6 0 -9999.9 1 -9999.9 1     0.0 0    25.1 0     0.596     0.142     0.139     0.000
 2010   1  1  1 10  3 10.050 140.95    -6.9 0 -9999.9 1 -9999.9 1     0.0 0    25.1 0     0.427     0.154     0.147     0.000
 2010   1  1  1 10  6 10.100 140.34    -6.9 0 -9999.9 1 -9999.9 1     0.0 0    25.1 0     0.563     0.205     0.142     0.000
 2010   1  1  1 10  9 10.150 139.73    -6.3 0 -9999.9 1 -9999.9 1     0.0 0    25.1 0     0.732     0.332     0.208     0.000
 2010   1  1  1 10 12 10.200 139.12    -7.2 0 -9999.9 1 -9999.9 1     0.0 0    25.1 0     0.506     0.292     0.166     0.000
 2010   1  1  1 10 15 10.250 138.51    -6.7 0 -9999.9 1 -9999.9 1     0.0 0    25.1 0     0.697     0.212     0.210     0.000
 2010   1  1  1 10 18 10.300 137.89    -6.8 0 -9999.9 1 -9999.9 1     0.0 0    25.1 0     0.778     0.251     0.204     0.000
 2010   1  1  1 10 21 10.350 137.28    -7.3 0 -9999.9 1 -9999.9 1     0.0 0    25.1 0     0.472     0.203     0.170     0.000
 2010   1  1  1 10 24 10.400 136.67    -7.5 0 -9999.9 1 -9999.9 1     0.0 0    25.1 0     0.462     0.221     0.176     0.000
 2010   1  1  1 10 27 10.450 136.05    -7.0 0 -9999.9 1 -9999.9 1     0.0 0    25.1 0     0.663     0.212     0.163     0.000
 2010   1  1  1 10 30 10.500 135.44    -7.1 0 -9999.9 1 -9999.9 1     0.0 0    25.1 0     0.620     0.164     0.074     0.000
 2010   1  1  1 10 33 10.550 134.83    -7.1 0 -9999.9 1 -9999.9 1     0.0 0    25.1 0     0.659     0.288     0.176     0.000
 2010   1  1  1 10 36 10.600 134.21    -7.1 0 -9999.9 1 -9999.9 1     0.0 0    25.1 0     0.720     0.249     0.142     0.000
 2010   1  1  1 10 39 10.650 133.60    -7.1 0 -9999.9 1 -9999.9 1     0.0 0    25.1 0     0.661     0.332     0.189     0.000
 2010   1  1  1 10 42 10.700 132.98    -7.1 0 -9999.9 1 -9999.9 1     0.0 0    25.1 0     0.553     0.165     0.211     0.000
 2010   1  1  1 10 45 10.750 132.37    -6.7 0 -9999.9 1 -9999.9 1     0.0 0    25.1 0     0.610     0.254     0.215     0.000
 2010   1  1  1 10 48 10.800 131.76    -6.2 0 -9999.9 1 -9999.9 1     0.0 0    25.1 0     0.455     0.164     0.130     0.000
 2010   1  1  1 10 51 10.850 131.14    -7.0 0 -9999.9 1 -9999.9 1     0.0 0    25.1 0     0.432     0.243     0.137     0.000
 2010   1  1  1 10 54 10.900 130.53    -6.6 0 -9999.9 1 -9999.9 1     0.0 0    25.1 0     0.650     0.232     0.243     0.000
 2010   1  1  1 10 57 10.950 129.92    -6.9 0 -9999.9 1 -9999.9 1     0.0 0    25.1 0     0.577     0.214     0.230     0.000
 2010   1  1  1 11  0 11.000 129.30    -6.7 0 -9999.9 1 -9999.9 1     0.0 0    25.1 0     0.659     0.269     0.220     0.000
 2010   1  1  1 11  3 11.050 128.69    -6.5 0 -9999.9 1 -9999.9 1     0.0 0    25.1 0     0.710     0.187     0.176     0.000
 2010   1  1  1 11  6 11.100 128.08    -6.3 0 -9999.9 1 -9999.9 1     0.0 0    25.1 0     0.649     0.283     0.087     0.000
 2010   1  1  1 11  9 11.150 127.46    -6.4 0 -9999.9 1 -9999.9 1     0.0 0    25.1 0     0.616     0.300     0.139     0.000
 2010   1  1  1 11 12 11.200 126.85    -6.3 0 -9999.9 1 -9999.9 1     0.0 0    25.1 0     0.636     0.297     0.167     0.000
 2010   1  1  1 11 15 11.250 126.24    -6.2 0 -9999.9 1 -9999.9 1     0.0 0    25.1 0     0.645     0.253     0.104     0.000
 2010   1  1  1 11 18 11.300 125.63    -6.1 0 -9999.9 1 -9999.9 1     0.0 0    25.1 0     0.554     0.242     0.096     0.000
 2010   1  1  1 11 21 11.350 125.01    -5.9 0 -9999.9 1 -9999.9 1     0.0 0    25.1 0     0.449     0.292     0.097     0.000
 2010   1  1  1 11 24 11.400 124.40    -6.7 0 -9999.9 1 -9999.9 1     0.0 0    25.1 0     0.655     0.249     0.107     0.000
 2010   1  1  1 11 27 11.450 123.79    -6.9 0 -9999.9 1 -9999.9 1     0.0 0    25.1 0     0.634     0.226     0.152     0.000
 2010   1  1  1 11 30 11.500 123.18    -6.3 0 -9999.9 1 -9999.9 1     0.0 0    25.1 0     0.634     0.193     0.128     0.000
 2010   1  1  1 11 33 11.550 122.57    -7.3 0 -9999.9 1 -9999.9 1     0.0 0    25.1 0     0.462     0.239     0.181     0.000
 2010   1  1  1 11 36 11.600 121.96    -6.5 0 -9999.9 1 -9999.9 1     0.0 0    25.1 0     0.654     0.192     0.130     0.000
 2010   1  1  1 11 39 11.650 121.35    -6.4 0 -9999.9 1 -9999.9 1     0.0 0    25.1 0     0.611     0.198     0.105     0.000
 2010   1  1  1 11 42 11.700 120.75    -6.1 0 -9999.9 1 -9999.9 1     0.0 0    25.1 0     0.539     0.162     0.096     0.000
 2010   1  1  1 11 45 11.750 120.14    -6.2 0 -9999.9 1 -9999.9 1     0.0 0    25.1 0     0.570     0.172     0.068     0.000
 2010   1  1  1 11 48 11.800 119.53    -5.9 0 -9999.9 1 -9999.9 1     0.0 0    25.1 0     0.419     0.157     0.112     0.000
 2010   1  1  1 11 51 11.850 118.92    -6.2 0 -9999.9 1 -9999.9 1     0.0 0    25.1 0     0.700     0.192     0.214     0.000
 2010   1  1  1 11 54 11.900 118.32    -6.0 0 -9999.9 1 -9999.9 1     0.0 0    25.1 0     0.537     0.205     0.224     0.000
 2010   1  1  1 11 57 11.950 117.71    -5.7 0 -9999.9 1 -9999.9 1     0.0 0    25.1 0     0.436     0.175     0.164     0.000
 2010   1  1  1 12  0 12.000 117.11    -5.9 0 -9999.9 1 -9999.9 1     0.0 0    25.1 0     0.578     0.170     0.234     0.000
 2010   1  1  1 12  3 12.050 116.50    -6.0 0 -9999.9 1 -9999.9 1     0.0 0    25.1 0     0.611     0.188     0.196     0.000
 2010   1  1  1 12  6 12.100 115.90    -6.8 0 -9999.9 1 -9999.9 1     0.0 0    25.1 0     0.558     0.312     0.211     0.000
 2010   1  1  1 12  9 12.150 115.30    -6.3 0 -9999.9 1 -9999.9 1     0.0 0    25.1 0     0.635     0.204     0.148     0.000
 2010   1  1  1 12 12 12.200 114.70    -6.7 0 -9999.9 1 -9999.9 1     0.0 0    25.1 0     0.631     0.222     0.120     0.000
 2010   1  1  1 12 15 12.250 114.10    -6.5 0 -9999.9 1 -9999.9 1     0.0 0    25.1 0     0.745     0.198     0.175     0.000
 2010   1  1  1 12 18 12.300 113.50    -7.0 0 -9999.9 1 -9999.9 1     0.0 0    25.1 0     0.593     0.167     0.163     0.000
 2010   1  1  1 12 21 12.350 112.90    -6.5 0 -9999.9 1 -9999.9 1     0.0 0    25.1 0     0.587     0.200     0.191     0.000
 2010   1  1  1 12 24 12.400 112.30    -6.9 0 -9999.9 1 -9999.9 1     0.0 0    25.1 0     0.682     0.228     0.073     0.000
 2010   1  1  1 12 27 12.450 111.70    -6.5 0 -9999.9 1 -9999.9 1     0.0 0    25.1 0     0.591     0.192     0.144     0.000
 2010   1  1  1 12 30 12.500 111.10    -6.9 0 -9999.9 1 -9999.9 1     0.0 0    25.1 0     0.771     0.277     0.240     0.000
 2010   1  1  1 12 33 12.550 110.51    -7.1 0 -9999.9 1 -9999.9 1     0.0 0    25.1 0     0.666     0.210     0.194     0.000
 2010   1  1  1 12 36 12.600 109.91    -7.3 0 -9999.9 1 -9999.9 1     0.0 0    25.1 0     0.550     0.207     0.217     0.000
 2010   1  1  1 12 39 12.650 109.32    -7.0 0 -9999.9 1 -9999.9 1     0.0 0    25.1 0     0.657     0.177     0.191     0.000
 2010   1  1  1 12 42 12.700 108.73    -6.8 0 -9999.9 1 -9999.9 1     0.0 0    25.1 0     0.615     0.184     0.103     0.000
 2010   1  1  1 12 45 12.750 108.14    -6.4 0 -9999.9 1 -9999.9 1     0.0 0    25.1 0     0.617     0.161     0.237     0.000
 2010   1  1  1 12 48 12.800 107.55    -6.3 0 -9999.9 1 -9999.9 1     0.0 0    25.1 0     0.726     0.203     0.240     0.000
 2010   1  1  1 12 51 12.850 106.96    -6.7 0 -9999.9 1 -9999.9 1     0.0 0    25.1 0     0.570     0.177     0.243     0.000
 2010   1  1  1 12 54 12.900 106.37    -6.2 0 -9999.9 1 -9999.9 1     0.0 0    25.1 0     0.447     0.156     0.152     0.000
 2010   1  1  1 12 57 12.950 105.78    -6.3 0 -9999.9 1 -9999.9 1     0.0 0    25.1 0     0.409     0.327     0.072     0.000
 2010   1  1  1 13  0 13.000 105.20    -7.1 0 -9999.9 1 -9999.9 1     0.0 0    25.1 0     0.596     0.132     0.110     0.000
 2010   1  1  1 13  3 13.050 104.61    -7.3 0 -9999.9 1 -9999.9 1     0.0 0    25.1 0     0.639     0.226     0.153     0.000
 2010   1  1  1 13  6 13.100 104.03    -6.8 0 -9999.9 1 -9999.9 1     0.0 0    25.1 0     0.722     0.216     0.109     0.000
 2010   1  1  1 13  9 13.150 103.45    -7.1 0 -9999.9 1 -9999.9 1     0.0 0    25.1 0     0.632     0.233     0.096     0.000
 2010   1  1  1 13 12 13.200 102.87    -7.0 0 -9999.9 1 -9999.9 1     0.0 0    25.1 0     0.516     0.209     0.067     0.000
 2010   1  1  1 13 15 13.250 102.29    -6.2 0 -9999.9 1 -9999.9 1     0.0 0    25.1 0     0.712     0.273     0.147     0.000
 2010   1  1  1 13 18 13.300 101.71    -6.9 0 -9999.9 1 -9999.9 1     0.0 0    25.1 0     0.432     0.144     0.054     0.000
 2010   1  1  1 13 21 13.350 101.13    -6.4 0 -9999.9 1 -9999.9 1     0.0 0    25.1 0     0.584     0.249     0.099     0.000
 2010   1  1  1 13 24 13.400 100.56    -6.8 0 -9999.9 1 -9999.9 1     0.0 0    25.1 0     0.577     0.267     0.083     0.000
 2010   1  1  1 13 27 13.450  99.99    -6.6 0 -9999.9 1 -9999.9 1     0.0 0    25.1 0     0.641     0.308     0.240     0.000
 2010   1  1  1 13 30 13.500  99.41    -6.5 0 -9999.9 1 -9999.9 1     0.0 0    25.1 0     0.666     0.173     0.240     0.000
 2010   1  1  1 13 33 13.550  98.84    -7.0 0 -9999.9 1 -9999.9 1     0.0 0    25.1 0     0.636     0.177     0.202     0.000
 2010   1  1  1 13 36 13.600  98.28    -6.4 0 -9999.9 1 -9999.9 1     0.0 0    25.1 0     0.593     0.198     0.249     0.000
 2010   1  1  1 13 39 13.650  97.71    -6.1 0 -9999.9 1 -9999.9 1     0.0 0    25.1 0     0.594     0.184     0.189     0.000
 2010   1  1  1 13 42 13.700  97.14    -6.5 0 -9999.9 1 -9999.9 1     0.0 0    25.1 0     0.591     0.245     0.229     0.000
 2010   1  1  1 13 45 13.750  96.58    -6.5 0 -9999.9 1 -9999.9 1     0.0 0    25.1 0     0.585     0.205     0.205     0.000
 2010   1  1  1 13 48 13.800  96.02    -6.1 0 -9999.9 1 -9999.9 1     0.0 0    25.1 0     0.747     0.217     0.144     0.000
 2010   1  1  1 13 51 13.850  95.46    -5.7 0 -9999.9 1 -9999.9 1     0.0 0    25.1 0     0.393     0.217     0.212     0.000
 2010   1  1  1 13 54 13.900  94.90    -6.1 0 -9999.9 1 -9999.9 1     0.0 0    25.1 0     0.540     0.228     0.233     0.000
 2010   1  1  1 13 57 13.950  94.34    -5.7 0 -9999.9 1 -9999.9 1     0.0 0    25.1 0     0.623     0.188     0.221     0.000
 2010   1  1  1 14  0 14.000  93.79    -5.5 0 -9999.9 1 -9999.9 1     0.0 0    25.1 0     0.628     0.327     0.218     0.000
 2010   1  1  1 14  3 14.050  93.23    -4.9 0 -9999.9 1 -9999.9 1     0.0 0    25.1 0     0.711     0.215     0.182     0.000
 2010   1  1  1 14  6 14.100  92.68    -4.3 0 -9999.9 1 -9999.9 1     0.0 0    25.1 0     0.629     0.197     0.317     0.000
 2010   1  1  1 14  9 14.150  92.13    -3.6 0 -9999.9 1 -9999.9 1     0.0 0    25.1 0     0.698     0.167     0.361     0.000
 2010   1  1  1 14 12 14.200  91.59    -3.2 0 -9999.9 1 -9999.9 1     0.0 0    25.1 0     0.703     0.337     0.338     0.000
 2010   1  1  1 14 15 14.250  91.04    -2.1 0 -9999.9 1 -9999.9 1     0.0 0    25.1 0     0.773     0.220     0.405     0.000
 2010   1  1  1 14 18 14.300  89.81    -0.7 0 -9999.9 1 -9999.9 1     0.4 0    25.1 0     0.681     0.168     0.511     0.114
 2010   1  1  1 14 21 14.350  89.41     0.6 0 -9999.9 1 -9999.9 1     0.5 0    25.1 0     0.682     0.164     0.495     0.127
 2010   1  1  1 14 24 14.400  88.97     1.7 0 -9999.9 1 -9999.9 1     0.7 0    25.1 0     0.759     0.328     0.283     0.080
 2010   1  1  1 14 27 14.450  88.50     3.1 0 -9999.9 1 -9999.9 1     0.8 0    25.1 0     0.849     0.099     0.453     0.118
 2010   1  1  1 14 30 14.500  88.02     4.6 0 -9999.9 1 -9999.9 1     0.9 0    25.1 0     0.808     0.402     0.564     0.116
 2010   1  1  1 14 33 14.550  87.53     6.2 0 -9999.9 1 -9999.9 1     1.2 0    25.1 0     0.821     0.111     0.548     0.155
 2010   1  1  1 14 36 14.600  87.04     8.1 0 -9999.9 1 -9999.9 1     1.4 0    25.1 0     1.166     0.089     0.901     0.136
 2010   1  1  1 14 39 14.650  86.54    15.3 0 -9999.9 1 -9999.9 1     1.7 0    25.1 0     3.411     0.304     3.585     0.159
 2010   1  1  1 14 42 14.700  86.04    25.1 0 -9999.9 1 -9999.9 1     2.0 0    25.1 0     1.481     0.320     1.829     0.089
 2010   1  1  1 14 45 14.750  85.53    39.1 0 -9999.9 1 -9999.9 1     2.3 0    25.1 0     4.348     0.269     5.542     0.180
 2010   1  1  1 14 48 14.800  85.03    49.2 0 -9999.9 1 -9999.9 1     2.7 0    25.1 0     4.386     0.361     5.252     0.174
 2010   1  1  1 14 51 14.850  84.53    53.6 0 -9999.9 1 -9999.9 1     3.0 0    25.1 0     1.871     0.215     1.766     0.128
 2010   1  1  1 14 54 14.900  84.03    67.8 0 -9999.9 1 -9999.9 1     3.4 0    25.1 0     5.381     0.197     5.409     0.162
 2010   1  1  1 14 57 14.950  83.52    78.1 0 -9999.9 1 -9999.9 1     3.8 0    25.1 0     2.294     0.138     2.439     0.162
 2010   1  1  1 15  0 15.000  83.02    86.2 0 -9999.9 1 -9999.9 1     4.2 0    25.1 0     2.653     0.162     2.762     0.199
 2010   1  1  1 15  3 15.050  82.53    96.0 0 -9999.9 1 -9999.9 1     4.6 0    25.1 0     2.582     0.189     2.609     0.177
 2010   1  1  1 15  6 15.100  82.03   104.2 0 -9999.9 1 -9999.9 1     5.1 0    25.1 0     2.892     0.215     2.683     0.191
 2010   1  1  1 15  9 15.150  81.54   112.8 0 -9999.9 1 -9999.9 1     5.5 0    25.1 0     2.410     0.270     2.838     0.213
 2010   1  1  1 15 12 15.200  81.05   121.0 0 -9999.9 1 -9999.9 1     6.1 0    25.1 0     2.565     0.371     2.680     0.211
 2010   1  1  1 15 15 15.250  80.56   129.9 0 -9999.9 1 -9999.9 1     6.6 0    25.1 0     2.776     0.103     3.052     0.240
 2010   1  1  1 15 18 15.300  80.07   138.0 0 -9999.9 1 -9999.9 1     7.1 0    25.1 0     2.547     0.144     2.669     0.216
 2010   1  1  1 15 21 15.350  79.59   146.1 0 -9999.9 1 -9999.9 1     7.7 0    25.1 0     2.137     0.101     2.874     0.242
 2010   1  1  1 15 24 15.400  79.11   154.7 0 -9999.9 1 -9999.9 1     8.3 0    25.1 0     2.270     0.144     2.870     0.215
 2010   1  1  1 15 27 15.450  78.63   163.3 0 -9999.9 1 -9999.9 1     9.0 0    25.1 0     2.045     0.197     2.570     0.231
 2010   1  1  1 15 30 15.500  78.16   171.2 0 -9999.9 1 -9999.9 1     9.6 0    25.1 0     2.378     0.165     2.889     0.151
 2010   1  1  1 15 33 15.550  77.69   179.4 0 -9999.9 1 -9999.9 1    10.1 0    25.1 0     2.645     0.041     2.501     0.261
 2010   1  1  1 15 36 15.600  77.22   188.0 0 -9999.9 1 -9999.9 1    10.8 0    25.1 0     2.866     0.197     2.393     0.259
 2010   1  1  1 15 39 15.650  76.75   195.9 0 -9999.9 1 -9999.9 1    11.6 0    25.1 0     2.329     0.194     2.749     0.287
 2010   1  1  1 15 42 15.700  76.29   205.4 0 -9999.9 1 -9999.9 1    12.3 0    25.1 0     2.574     0.231     2.739     0.286
 2010   1  1  1 15 45 15.750  75.84   214.1 0 -9999.9 1 -9999.9 1    13.1 0    25.1 0     2.686     0.225     2.444     0.307
 2010   1  1  1 15 48 15.800  75.38   223.0 0 -9999.9 1 -9999.9 1    13.9 0    25.2 0     2.672     0.210     2.546     0.331
 2010   1  1  1 15 51 15.850  74.93   231.9 0 -9999.9 1 -9999.9 1    14.7 0    25.2 0     2.776     0.253     2.715     0.291
 2010   1  1  1 15 54 15.900  74.49   240.7 0 -9999.9 1 -9999.9 1    15.6 0    25.2 0     2.593     0.290     2.104     0.319
 2010   1  1  1 15 57 15.950  74.05   248.3 0 -9999.9 1 -9999.9 1    16.6 0    25.2 0     2.721     0.083     2.325     0.324
 2010   1  1  1 16  0 16.000  73.61   255.9 0 -9999.9 1 -9999.9 1    17.5 0    25.2 0     2.399     0.072     2.862     0.315
 2010   1  1  1 16  3 16.050  73.17   264.5 0 -9999.9 1 -9999.9 1    18.5 0    25.2 0     2.748     0.326     2.683     0.391
 2010   1  1  1 16  6 16.100  72.75   273.7 0 -9999.9 1 -9999.9 1    19.4 0    25.2 0     2.436     0.323     2.792     0.344
 2010   1  1  1 16  9 16.150  72.32   281.0 0 -9999.9 1 -9999.9 1    20.4 0    25.2 0     2.037     0.095     2.138     0.362
 2010   1  1  1 16 12 16.200  71.90   288.8 0 -9999.9 1 -9999.9 1    21.4 0    25.2 0     2.616     0.112     2.339     0.361
 2010   1  1  1 16 15 16.250  71.48   296.4 0 -9999.9 1 -9999.9 1    22.3 0    25.2 0     2.284     0.133     2.168     0.346
 2010   1  1  1 16 18 16.300  71.07   303.8 0 -9999.9 1 -9999.9 1    23.3 0    25.2 0     1.827     0.200     2.590     0.351
 2010   1  1  1 16 21 16.350  70.66   312.4 0 -9999.9 1 -9999.9 1    24.3 0    25.2 0     2.634     0.197     2.468     0.351
 2010   1  1  1 16 24 16.400  70.26   320.5 0 -9999.9 1 -9999.9 1    25.3 0    25.2 0     2.973     0.338     2.659     0.362
 2010   1  1  1 16 27 16.450  69.86   328.8 0 -9999.9 1 -9999.9 1    26.4 0    25.2 0     2.161     0.278     1.997     0.383
 2010   1  1  1 16 30 16.500  69.47   335.7 0 -9999.9 1 -9999.9 1    27.5 0    25.2 0     2.263     0.397     2.832     0.394
 2010   1  1  1 16 33 16.550  69.08   343.7 0 -9999.9 1 -9999.9 1    28.6 0    25.2 0     2.074     0.148     2.426     0.378
 2010   1  1  1 16 36 16.600  68.70   351.6 0 -9999.9 1 -9999.9 1    29.7 0    25.2 0     2.307     0.256     2.461     0.396
 2010   1  1  1 16 39 16.650  68.32   360.2 0 -9999.9 1 -9999.9 1    30.8 0    25.2 0     2.246     0.211     2.843     0.411
 2010   1  1  1 16 42 16.700  67.95   367.7 0 -9999.9 1 -9999.9 1    31.9 0    25.2 0     2.269     0.199     2.448     0.388
 2010   1  1  1 16 45 16.750  67.58   375.0 0 -9999.9 1 -9999.9 1    33.1 0    25.2 0     1.881     0.127     1.358     0.388
 2010   1  1  1 16 48 16.800  67.22   382.2 0 -9999.9 1 -9999.9 1    34.2 0    25.2 0     2.363     0.171     2.257     0.386
 2010   1  1  1 16 51 16.850  66.87   389.4 0 -9999.9 1 -9999.9 1    35.3 0    25.2 0     2.049     0.299     1.559     0.378
 2010   1  1  1 16 54 16.900  66.51   396.0 0 -9999.9 1 -9999.9 1    36.4 0    25.2 0     1.609     0.388     2.007     0.382
 2010   1  1  1 16 57 16.950  66.17   401.9 0 -9999.9 1 -9999.9 1    37.5 0    25.2 0     2.008     0.151     1.530     0.372
 2010   1  1  1 17  0 17.000  65.83   407.6 0 -9999.9 1 -9999.9 1    38.6 0    25.2 0     2.208     0.293     2.447     0.388
 2010   1  1  1 17  3 17.050  65.50   414.5 0 -9999.9 1 -9999.9 1    39.7 0    25.2 0     1.721     0.320     2.337     0.394
 2010   1  1  1 17  6 17.100  65.17   419.5 0 -9999.9 1 -9999.9 1    40.8 0    25.2 0     1.648     0.483     0.979     0.381
 2010   1  1  1 17  9 17.150  64.85   425.8 0 -9999.9 1 -9999.9 1    41.9 0    25.2 0     2.140     0.406     2.394     0.367
 2010   1  1  1 17 12 17.200  64.53   431.6 0 -9999.9 1 -9999.9 1    43.0 0    25.2 0     2.289     0.438     2.413     0.338
 2010   1  1  1 17 15 17.250  64.23   438.0 0 -9999.9 1 -9999.9 1    44.1 0    25.2 0     1.653     0.101     1.194     0.375
 2010   1  1  1 17 18 17.300  63.92   443.6 0 -9999.9 1 -9999.9 1    45.3 0    25.2 0     2.003     0.347     2.111     0.411
 2010   1  1  1 17 21 17.350  63.63   448.5 0 -9999.9 1 -9999.9 1    46.5 0    25.2 0     1.133     0.256     2.312     0.362
 2010   1  1  1 17 24 17.400  63.34   453.5 0 -9999.9 1 -9999.9 1    47.5 0    25.2 0     1.695     0.352     0.604     0.438
 2010   1  1  1 17 27 17.450  63.06   457.9 0 -9999.9 1 -9999.9 1    48.8 0    25.2 0     1.275     0.336     1.577     0.361
 2010   1  1  1 17 30 17.500  62.78   464.2 0 -9999.9 1 -9999.9 1    49.8 0    25.2 0     2.147     0.577     2.657     0.396
 2010   1  1  1 17 33 17.550  62.51   469.2 0 -9999.9 1 -9999.9 1    51.0 0    25.2 0     1.325     0.262     1.270     0.369
 2010   1  1  1 17 36 17.600  62.25   473.2 0 -9999.9 1 -9999.9 1    52.0 0    25.2 0     1.047     0.436     1.792     0.359
 2010   1  1  1 17 39 17.650  61.99   477.4 0 -9999.9 1 -9999.9 1    53.0 0    25.2 0     1.433     0.674     0.665     0.327
 2010   1  1  1 17 42 17.700  61.75   481.6 0 -9999.9 1 -9999.9 1    54.1 0    25.2 0     2.066     0.425     2.490     0.377
 2010   1  1  1 17 45 17.750  61.51   486.3 0 -9999.9 1 -9999.9 1    55.1 0    25.2 0     1.362     0.599     1.331     0.328
 2010   1  1  1 17 48 17.800  61.27   490.6 0 -9999.9 1 -9999.9 1    56.1 0    25.2 0     1.725     0.304     2.244     0.332
 2010   1  1  1 17 51 17.850  61.05   495.0 0 -9999.9 1 -9999.9 1    57.1 0    25.2 0     1.849     0.389     0.644     0.352
 2010   1  1  1 17 54 17.900  60.83   498.8 0 -9999.9 1 -9999.9 1    58.1 0    25.2 0     1.253     0.408     1.914     0.298
 2010   1  1  1 17 57 17.950  60.62   502.3 0 -9999.9 1 -9999.9 1    58.9 0    25.2 0     0.840     0.327     0.628     0.262
 2010   1  1  1 18  0 18.000  60.41   505.0 0 -9999.9 1 -9999.9 1    59.8 0    25.2 0     0.934     0.599     2.110     0.234
 2010   1  1  1 18  3 18.050  60.22   507.4 0 -9999.9 1 -9999.9 1    60.4 0    25.2 0     0.711     0.561     1.175     0.250
 2010   1  1  1 18  6 18.100  60.03   511.0 0 -9999.9 1 -9999.9 1    61.4 0    25.2 0     1.768     0.453     2.531     0.345
 2010   1  1  1 18  9 18.150  59.85   514.1 0 -9999.9 1 -9999.9 1    62.3 0    25.2 0     1.069     0.472     0.598     0.278
 2010   1  1  1 18 12 18.200  59.67   516.3 0 -9999.9 1 -9999.9 1    63.3 0    25.2 0     0.948     0.463     2.616     0.323
 2010   1  1  1 18 15 18.250  59.51   516.3 0 -9999.9 1 -9999.9 1    64.0 0    25.3 0     3.561     0.364     2.935     0.525
 2010   1  1  1 18 18 18.300  59.35   517.9 0 -9999.9 1 -9999.9 1    64.8 0    25.2 0     0.737     0.365     2.053     0.208
 2010   1  1  1 18 21 18.350  59.21   519.6 0 -9999.9 1 -9999.9 1    65.5 0    25.2 0     0.483     0.332     0.587     0.246
 2010   1  1  1 18 24 18.400  59.07   519.2 0 -9999.9 1 -9999.9 1    66.1 0    25.3 0     0.576     0.550     0.956     0.222
 2010   1  1  1 18 27 18.450  58.93   520.0 0 -9999.9 1 -9999.9 1    66.7 0    25.3 0     0.937     0.521     2.083     0.200
 2010   1  1  1 18 30 18.500  58.81   522.7 0 -9999.9 1 -9999.9 1    67.2 0    25.3 0     0.650     0.547     1.918     0.194
 2010   1  1  1 18 33 18.550  58.69   522.7 0 -9999.9 1 -9999.9 1    67.7 0    25.3 0     0.697     0.670     1.501     0.214
 2010   1  1  1 18 36 18.600  58.59   524.9 0 -9999.9 1 -9999.9 1    68.2 0    25.3 0     1.002     0.447     1.676     0.159
 2010   1  1  1 18 39 18.650  58.49   527.2 0 -9999.9 1 -9999.9 1    68.6 0    25.3 0     0.665     0.863     1.047     0.119
 2010   1  1  1 18 42 18.700  58.40   529.4 0 -9999.9 1 -9999.9 1    69.1 0    25.3 0     1.424     0.435     1.430     0.239
 2010   1  1  1 18 45 18.750  58.32   531.6 0 -9999.9 1 -9999.9 1    69.7 0    25.3 0     0.989     0.694     2.189     0.168
 2010   1  1  1 18 48 18.800  58.24   535.3 0 -9999.9 1 -9999.9 1    70.0 0    25.3 0     0.691     0.408     0.535     0.169
 2010   1  1  1 18 51 18.850  58.18   537.0 0 -9999.9 1 -9999.9 1    70.4 0    25.3 0     0.541     0.610     1.422     0.140
 2010   1  1  1 18 54 18.900  58.12   538.1 0 -9999.9 1 -9999.9 1    70.7 0    25.3 0     0.689     0.566     0.905     0.133
 2010   1  1  1 18 57 18.950  58.08   540.1 0 -9999.9 1 -9999.9 1    70.9 0    25.3 0     0.547     0.782     0.585     0.133
 2010   1  1  1 19  0 19.000  58.04   541.0 0 -9999.9 1 -9999.9 1    71.2 0    25.3 0     0.485     0.725     1.156     0.100
 2010   1  1  1 19  3 19.050  58.01   540.7 0 -9999.9 1 -9999.9 1    71.0 0    25.3 0     0.467     0.819     0.870     0.126
 2010   1  1  1 19  6 19.100  57.99   540.9 0 -9999.9 1 -9999.9 1    71.3 0    25.3 0     0.505     0.804     1.356     0.117
 2010   1  1  1 19  9 19.150  57.98   541.7 0 -9999.9 1 -9999.9 1    71.2 0    25.3 0     0.930     1.006     1.732     0.148
 2010   1  1  1 19 12 19.200  57.97   540.3 0 -9999.9 1 -9999.9 1    71.3 0    25.3 0     0.521     0.698     0.568     0.124
 2010   1  1  1 19 15 19.250  57.98   541.0 0 -9999.9 1 -9999.9 1    71.3 0    25.3 0     0.744     0.389     0.555     0.127
 2010   1  1  1 19 18 19.300  57.99   541.7 0 -9999.9 1 -9999.9 1    71.4 0    25.3 0     0.673     0.682     2.118     0.087
 2010   1  1  1 19 21 19.350  58.01   542.4 0 -9999.9 1 -9999.9 1    71.4 0    25.3 0     0.574     1.531     4.003     0.115
 2010   1  1  1 19 24 19.400  58.05   539.5 0 -9999.9 1 -9999.9 1    71.3 0    25.3 0     1.313     0.464     0.538     0.130
 2010   1  1  1 19 27 19.450  58.09   538.1 0 -9999.9 1 -9999.9 1    71.0 0    25.3 0     0.555     0.392     1.007     0.172
 2010   1  1  1 19 30 19.500  58.13   536.5 0 -9999.9 1 -9999.9 1    70.6 0    25.3 0     0.731     0.550     0.854     0.133
 2010   1  1  1 19 33 19.550  58.19   535.7 0 -9999.9 1 -9999.9 1    70.4 0    25.3 0     0.532     0.836     1.587     0.156
 2010   1  1  1 19 36 19.600  58.26   535.8 0 -9999.9 1 -9999.9 1    70.1 0    25.3 0     0.590     0.543     1.857     0.128
 2010   1  1  1 19 39 19.650  58.33   534.9 0 -9999.9 1 -9999.9 1    69.7 0    25.3 0     0.722     0.446     0.434     0.199
 2010   1  1  1 19 42 19.700  58.41   532.3 0 -9999.9 1 -9999.9 1    69.1 0    25.3 0     1.031     0.262     1.091     0.175
 2010   1  1  1 19 45 19.750  58.51   531.5 0 -9999.9 1 -9999.9 1    68.7 0    25.3 0     0.580     0.644     3.791     0.136
 2010   1  1  1 19 48 19.800  58.61   529.6 0 -9999.9 1 -9999.9 1    68.2 0    25.3 0     0.618     0.448     1.042     0.262
 2010   1  1  1 19 51 19.850  58.71   527.9 0 -9999.9 1 -9999.9 1    67.5 0    25.3 0     0.799     0.358     0.590     0.184
 2010   1  1  1 19 54 19.900  58.83   525.5 0 -9999.9 1 -9999.9 1    67.0 0    25.3 0     0.456     0.253     1.000     0.162
 2010   1  1  1 19 57 19.950  58.96   525.0 0 -9999.9 1 -9999.9 1    66.5 0    25.3 0     1.094     1.029     2.892     0.184
 2010   1  1  1 20  0 20.000  59.09   523.1 0 -9999.9 1 -9999.9 1    65.9 0    25.3 0     0.499     0.893     3.037     0.203
 2010   1  1  1 20  3 20.050  59.23   522.8 0 -9999.9 1 -9999.9 1    65.3 0    25.3 0     0.827     0.535     1.614     0.206
 2010   1  1  1 20  6 20.100  59.38   519.0 0 -9999.9 1 -9999.9 1    64.7 0    25.3 0     2.011     0.796     3.626     0.237
 2010   1  1  1 20  9 20.150  59.54   513.6 0 -9999.9 1 -9999.9 1    63.9 0    25.3 0     0.865     0.397     0.861     0.279
 2010   1  1  1 20 12 20.200  59.70   510.7 0 -9999.9 1 -9999.9 1    63.1 0    25.3 0     1.037     0.286     0.906     0.276
 2010   1  1  1 20 15 20.250  59.88   507.7 0 -9999.9 1 -9999.9 1    62.4 0    25.3 0     1.646     0.448     2.506     0.254
 2010   1  1  1 20 18 20.300  60.06   503.5 0 -9999.9 1 -9999.9 1    61.5 0    25.3 0     0.785     0.377     1.121     0.298
 2010   1  1  1 20 21 20.350  60.25   500.1 0 -9999.9 1 -9999.9 1    60.6 0    25.3 0     1.151     0.364     1.696     0.274
 2010   1  1  1 20 24 20.400  60.45   498.7 0 -9999.9 1 -9999.9 1    59.8 0    25.3 0     0.804     0.312     1.763     0.297
 2010   1  1  1 20 27 20.450  60.65   493.7 0 -9999.9 1 -9999.9 1    58.9 0    25.3 0     2.337     0.859     3.580     0.328
 2010   1  1  1 20 30 20.500  60.86   488.7 0 -9999.9 1 -9999.9 1    58.0 0    25.3 0     1.701     0.850     2.149     0.309
 2010   1  1  1 20 33 20.550  61.08   485.7 0 -9999.9 1 -9999.9 1    57.0 0    25.3 0     0.950     0.269     1.997     0.310
 2010   1  1  1 20 36 20.600  61.31   479.9 0 -9999.9 1 -9999.9 1    56.1 0    25.3 0     1.881     0.526     3.728     0.336
 2010   1  1  1 20 39 20.650  61.55   475.0 0 -9999.9 1 -9999.9 1    55.2 0    25.3 0     1.592     0.803     2.635     0.346
 2010   1  1  1 20 42 20.700  61.79   472.3 0 -9999.9 1 -9999.9 1    54.2 0    25.3 0     0.529     0.424     1.180     0.302
 2010   1  1  1 20 45 20.750  62.04   468.2 0 -9999.9 1 -9999.9 1    53.2 0    25.3 0     1.483     0.215     1.734     0.360
 2010   1  1  1 20 48 20.800  62.29   463.6 0 -9999.9 1 -9999.9 1    52.1 0    25.3 0     1.274     0.713     1.293     0.352
 2010   1  1  1 20 51 20.850  62.56   459.2 0 -9999.9 1 -9999.9 1    51.1 0    25.3 0     2.272     0.698     3.721     0.362
 2010   1  1  1 20 54 20.900  62.83   452.5 0 -9999.9 1 -9999.9 1    50.0 0    25.3 0     2.113     0.398     0.574     0.360
 2010   1  1  1 20 57 20.950  63.10   449.0 0 -9999.9 1 -9999.9 1    48.9 0    25.3 0     0.652     0.786     1.592     0.396
 2010   1  1  1 21  0 21.000  63.39   445.4 0 -9999.9 1 -9999.9 1    47.7 0    25.3 0     1.715     0.384     1.803     0.383
 2010   1  1  1 21  3 21.050  63.68   438.8 0 -9999.9 1 -9999.9 1    46.6 0    25.3 0     2.337     0.572     3.186     0.355
 2010   1  1  1 21  6 21.100  63.98   431.8 0 -9999.9 1 -9999.9 1    45.4 0    25.3 0     1.739     0.425     1.026     0.385
 2010   1  1  1 21  9 21.150  64.28   425.2 0 -9999.9 1 -9999.9 1    44.2 0    25.3 0     1.752     0.598     0.900     0.373
 2010   1  1  1 21 12 21.200  64.59   419.8 0 -9999.9 1 -9999.9 1    43.0 0    25.3 0     1.761     0.358     2.565     0.384
 2010   1  1  1 21 15 21.250  64.91   413.2 0 -9999.9 1 -9999.9 1    41.9 0    25.3 0     1.666     0.481     1.769     0.406
 2010   1  1  1 21 18 21.300  65.23   409.8 0 -9999.9 1 -9999.9 1    40.7 0    25.3 0     1.213     0.509     1.061     0.375
 2010   1  1  1 21 21 21.350  65.56   402.6 0 -9999.9 1 -9999.9 1    39.6 0    25.3 0     2.505     0.513     2.138     0.406
 2010   1  1  1 21 24 21.400  65.89   397.5 0 -9999.9 1 -9999.9 1    38.5 0    25.3 0     1.714     0.342     2.482     0.368
 2010   1  1  1 21 27 21.450  66.23   391.7 0 -9999.9 1 -9999.9 1    37.4 0    25.3 0     1.895     0.299     2.009     0.384
 2010   1  1  1 21 30 21.500  66.58   385.2 0 -9999.9 1 -9999.9 1    36.3 0    25.3 0     2.534     0.475     1.595     0.404
 2010   1  1  1 21 33 21.550  66.93   377.5 0 -9999.9 1 -9999.9 1    35.1 0    25.3 0     2.158     0.527     2.357     0.403
 2010   1  1  1 21 36 21.600  67.28   368.7 0 -9999.9 1 -9999.9 1    34.0 0    25.3 0     2.980     0.826     2.536     0.398
 2010   1  1  1 21 39 21.650  67.65   361.5 0 -9999.9 1 -9999.9 1    32.9 0    25.3 0     2.276     0.298     1.529     0.410
 2010   1  1  1 21 42 21.700  68.01   353.3 0 -9999.9 1 -9999.9 1    31.7 0    25.3 0     1.999     0.640     2.511     0.352
 2010   1  1  1 21 45 21.750  68.39   347.4 0 -9999.9 1 -9999.9 1    30.6 0    25.3 0     2.577     0.414     2.317     0.380
 2010   1  1  1 21 48 21.800  68.77   339.1 0 -9999.9 1 -9999.9 1    29.5 0    25.3 0     1.808     0.757     1.033     0.383
 2010   1  1  1 21 51 21.850  69.15   330.9 0 -9999.9 1 -9999.9 1    28.4 0    25.3 0     3.735     1.139     3.874     0.426
 2010   1  1  1 21 54 21.900  69.54   322.1 0 -9999.9 1 -9999.9 1    27.2 0    25.3 0     1.429     0.602     1.356     0.343
 2010   1  1  1 21 57 21.950  69.93   316.8 0 -9999.9 1 -9999.9 1    26.1 0    25.3 0     1.113     1.075     1.171     0.387
 2010   1  1  1 22  0 22.000  70.33   312.5 0 -9999.9 1 -9999.9 1    25.1 0    25.3 0     1.938     0.433     1.817     0.356
 2010   1  1  1 22  3 22.050  70.73   293.3 0 -9999.9 1 -9999.9 1    24.1 0    25.3 0    10.681     0.599    11.209     0.436
 2010   1  1  1 22  6 22.100  71.14   291.2 0 -9999.9 1 -9999.9 1    23.1 0    25.3 0     2.270     0.641     2.279     0.383
 2010   1  1  1 22  9 22.150  71.56   284.9 0 -9999.9 1 -9999.9 1    22.1 0    25.3 0     1.184     0.356     1.716     0.322
 2010   1  1  1 22 12 22.200  71.97   267.8 0 -9999.9 1 -9999.9 1    21.0 0    25.3 0    12.155     0.426    12.640     0.424
 2010   1  1  1 22 15 22.250  72.39   247.8 0 -9999.9 1 -9999.9 1    19.9 0    25.3 0     6.533     0.375     6.606     0.281
 2010   1  1  1 22 18 22.300  72.82   237.3 0 -9999.9 1 -9999.9 1    18.9 0    25.3 0     9.486     0.420     9.915     0.393
 2010   1  1  1 22 21 22.350  73.25   238.6 0 -9999.9 1 -9999.9 1    18.0 0    25.3 0     7.809     0.740     7.420     0.299
 2010   1  1  1 22 24 22.400  73.68   240.7 0 -9999.9 1 -9999.9 1    17.2 0    25.3 0    15.576     0.854    16.630     0.440
 2010   1  1  1 22 27 22.450  74.12   204.8 0 -9999.9 1 -9999.9 1    16.0 0    25.3 0     8.673     0.830     8.904     0.282
 2010   1  1  1 22 30 22.500  74.57   200.0 0 -9999.9 1 -9999.9 1    15.2 0    25.3 0     6.419     1.059     6.068     0.308
 2010   1  1  1 22 33 22.550  75.01   194.8 0 -9999.9 1 -9999.9 1    14.4 0    25.3 0     5.114     0.587     4.922     0.305
 2010   1  1  1 22 36 22.600  75.46   205.2 0 -9999.9 1 -9999.9 1    13.8 0    25.3 0     6.088     1.003     6.985     0.265
 2010   1  1  1 22 39 22.650  75.92   209.3 0 -9999.9 1 -9999.9 1    13.1 0    25.3 0     2.819     0.339     3.316     0.290
 2010   1  1  1 22 42 22.700  76.37   207.3 0 -9999.9 1 -9999.9 1    12.4 0    25.3 0     1.864     0.577     1.691     0.294
 2010   1  1  1 22 45 22.750  76.84   189.7 0 -9999.9 1 -9999.9 1    11.7 0    25.3 0     5.732     1.222     7.449     0.276
 2010   1  1  1 22 48 22.800  77.30   188.7 0 -9999.9 1 -9999.9 1    11.0 0    25.3 0     3.987     0.553     4.537     0.271
 2010   1  1  1 22 51 22.850  77.77   180.3 0 -9999.9 1 -9999.9 1    10.3 0    25.3 0     1.531     0.696     1.773     0.265
 2010   1  1  1 22 54 22.900  78.24   172.2 0 -9999.9 1 -9999.9 1     9.8 0    25.3 0     2.165     0.435     3.084     0.231
 2010   1  1  1 22 57 22.950  78.71   161.4 0 -9999.9 1 -9999.9 1     9.1 0    25.3 0     6.933     0.734     6.802     0.325
 2010   1  1  1 23  0 23.000  79.19   150.5 0 -9999.9 1 -9999.9 1     8.5 0    25.3 0     5.444     0.887     6.019     0.283
 2010   1  1  1 23  3 23.050  79.67   126.3 0 -9999.9 1 -9999.9 1     7.7 0    25.3 0     8.238     1.046    10.183     0.287
 2010   1  1  1 23  6 23.100  80.16   127.9 0 -9999.9 1 -9999.9 1     7.2 0    25.3 0     5.762     0.860     6.799     0.233
 2010   1  1  1 23  9 23.150  80.64   126.8 0 -9999.9 1 -9999.9 1     6.6 0    25.3 0     2.296     1.067     2.367     0.240
 2010   1  1  1 23 12 23.200  81.13   126.7 0 -9999.9 1 -9999.9 1     6.1 0    25.3 0     1.394     1.211     1.429     0.213
 2010   1  1  1 23 15 23.250  81.62   119.9 0 -9999.9 1 -9999.9 1     5.6 0    25.3 0     1.708     0.762     2.021     0.186
 2010   1  1  1 23 18 23.300  82.12   113.5 0 -9999.9 1 -9999.9 1     5.1 0    25.3 0     1.976     0.485     1.954     0.241
 2010   1  1  1 23 21 23.350  82.61   105.6 0 -9999.9 1 -9999.9 1     4.7 0    25.3 0     2.772     0.400     3.688     0.263
 2010   1  1  1 23 24 23.400  83.11    96.5 0 -9999.9 1 -9999.9 1     4.2 0    25.3 0     1.603     0.850     1.221     0.229
 2010   1  1  1 23 27 23.450  83.61    87.7 0 -9999.9 1 -9999.9 1     3.8 0    25.3 0     3.332     0.433     3.382     0.252
 2010   1  1  1 23 30 23.500  84.11    76.7 0 -9999.9 1 -9999.9 1     3.4 0    25.3 0     2.849     0.381     3.619     0.216
 2010   1  1  1 23 33 23.550  84.62    66.0 0 -9999.9 1 -9999.9 1     3.0 0    25.3 0     3.220     0.427     3.629     0.226
 2010   1  1  1 23 36 23.600  85.12    54.9 0 -9999.9 1 -9999.9 1     2.7 0    25.3 0     3.662     0.868     3.600     0.161
 2010   1  1  1 23 39 23.650  85.62    42.4 0 -9999.9 1 -9999.9 1     2.3 0    25.3 0     2.856     0.560     3.693     0.200
 2010   1  1  1 23 42 23.700  86.12    31.7 0 -9999.9 1 -9999.9 1     1.9 0    25.3 0     3.156     0.515     3.342     0.206
 2010   1  1  1 23 45 23.750  86.63    21.7 0 -9999.9 1 -9999.9 1     1.6 0    25.2 0     2.834     0.399     3.093     0.211
 2010   1  1  1 23 48 23.800  87.13    14.0 0 -9999.9 1 -9999.9 1     1.3 0    25.2 0     1.824     0.793     2.520     0.172
 2010   1  1  1 23 51 23.850  87.62     7.7 0 -9999.9 1 -9999.9 1     1.2 0    25.2 0     1.876     0.505     2.376     0.165
 2010   1  1  1 23 54 23.900  88.11     0.6 0 -9999.9 1 -9999.9 1     1.0 0    25.2 0     2.297     0.393     1.606     0.181
 2010   1  1  1 23 57 23.950  88.58    -4.2 0 -9999.9 1 -9999.9 1     0.8 0    25.2 0     0.828     0.323     1.586     0.208
